Screenshot1.jpg -18.0000 -4.5000 34.0000 330.00 145.00 0.00
Screenshot2.jpg -18.0000 -4.5000 34.0000 335.00 145.00 0.00
Screenshot3.jpg -18.0000 -4.5000 34.0000 340.00 145.00 0.00
Screenshot4.jpg -18.0000 -4.5000 34.0000 345.00 145.00 0.00
Screenshot5.jpg -18.0000 -4.5000 34.0000 350.00 145.00 0.00
Screenshot6.jpg -18.0000 -4.5000 34.0000 355.00 145.00 0.00
Screenshot7.jpg -18.0000 -4.5000 34.0000 0.00 145.00 0.00
Screenshot8.jpg -18.0000 -4.5000 34.0000 330.00 150.00 0.00
Screenshot9.jpg -18.0000 -4.5000 34.0000 335.00 150.00 0.00
Screenshot10.jpg -18.0000 -4.5000 34.0000 340.00 150.00 0.00
Screenshot11.jpg -18.0000 -4.5000 34.0000 345.00 150.00 0.00
Screenshot12.jpg -18.0000 -4.5000 34.0000 350.00 150.00 0.00
Screenshot13.jpg -18.0000 -4.5000 34.0000 355.00 150.00 0.00
Screenshot14.jpg -18.0000 -4.5000 34.0000 0.00 150.00 0.00
Screenshot15.jpg -18.0000 -4.5000 34.0000 330.00 155.00 0.00
Screenshot16.jpg -18.0000 -4.5000 34.0000 335.00 155.00 0.00
Screenshot17.jpg -18.0000 -4.5000 34.0000 340.00 155.00 0.00
Screenshot18.jpg -18.0000 -4.5000 34.0000 345.00 155.00 0.00
Screenshot19.jpg -18.0000 -4.5000 34.0000 350.00 155.00 0.00
Screenshot20.jpg -18.0000 -4.5000 34.0000 355.00 155.00 0.00
Screenshot21.jpg -18.0000 -4.5000 34.0000 0.00 155.00 0.00
Screenshot22.jpg -18.0000 -4.5000 34.0000 330.00 160.00 0.00
Screenshot23.jpg -18.0000 -4.5000 34.0000 335.00 160.00 0.00
Screenshot24.jpg -18.0000 -4.5000 34.0000 340.00 160.00 0.00
Screenshot25.jpg -18.0000 -4.5000 34.0000 345.00 160.00 0.00
Screenshot26.jpg -18.0000 -4.5000 34.0000 350.00 160.00 0.00
Screenshot27.jpg -18.0000 -4.5000 34.0000 355.00 160.00 0.00
Screenshot28.jpg -18.0000 -4.5000 34.0000 0.00 160.00 0.00
Screenshot29.jpg -18.0000 -4.5000 34.0000 330.00 165.00 0.00
Screenshot30.jpg -18.0000 -4.5000 34.0000 335.00 165.00 0.00
Screenshot31.jpg -18.0000 -4.5000 34.0000 340.00 165.00 0.00
Screenshot32.jpg -18.0000 -4.5000 34.0000 345.00 165.00 0.00
Screenshot33.jpg -18.0000 -4.5000 34.0000 350.00 165.00 0.00
Screenshot34.jpg -18.0000 -4.5000 34.0000 355.00 165.00 0.00
Screenshot35.jpg -18.0000 -4.5000 34.0000 0.00 165.00 0.00
Screenshot36.jpg -18.0000 -4.5000 34.0000 330.00 170.00 0.00
Screenshot37.jpg -18.0000 -4.5000 34.0000 335.00 170.00 0.00
Screenshot38.jpg -18.0000 -4.5000 34.0000 340.00 170.00 0.00
Screenshot39.jpg -18.0000 -4.5000 34.0000 345.00 170.00 0.00
Screenshot40.jpg -18.0000 -4.5000 34.0000 350.00 170.00 0.00
Screenshot41.jpg -18.0000 -4.5000 34.0000 355.00 170.00 0.00
Screenshot42.jpg -18.0000 -4.5000 34.0000 0.00 170.00 0.00
Screenshot43.jpg -18.0000 -4.5000 34.0000 330.00 175.00 0.00
Screenshot44.jpg -18.0000 -4.5000 34.0000 335.00 175.00 0.00
Screenshot45.jpg -18.0000 -4.5000 34.0000 340.00 175.00 0.00
Screenshot46.jpg -18.0000 -4.5000 34.0000 345.00 175.00 0.00
Screenshot47.jpg -18.0000 -4.5000 34.0000 350.00 175.00 0.00
Screenshot48.jpg -18.0000 -4.5000 34.0000 355.00 175.00 0.00
Screenshot49.jpg -18.0000 -4.5000 34.0000 0.00 175.00 0.00
Screenshot50.jpg -18.0000 -4.5000 34.0000 330.00 180.00 0.00
Screenshot51.jpg -18.0000 -4.5000 34.0000 335.00 180.00 0.00
Screenshot52.jpg -18.0000 -4.5000 34.0000 340.00 180.00 0.00
Screenshot53.jpg -18.0000 -4.5000 34.0000 345.00 180.00 0.00
Screenshot54.jpg -18.0000 -4.5000 34.0000 350.00 180.00 0.00
Screenshot55.jpg -18.0000 -4.5000 34.0000 355.00 180.00 0.00
Screenshot56.jpg -18.0000 -4.5000 34.0000 0.00 180.00 0.00
Screenshot57.jpg -18.0000 -4.5000 34.0000 330.00 185.00 0.00
Screenshot58.jpg -18.0000 -4.5000 34.0000 335.00 185.00 0.00
Screenshot59.jpg -18.0000 -4.5000 34.0000 340.00 185.00 0.00
Screenshot60.jpg -18.0000 -4.5000 34.0000 345.00 185.00 0.00
Screenshot61.jpg -18.0000 -4.5000 34.0000 350.00 185.00 0.00
Screenshot62.jpg -18.0000 -4.5000 34.0000 355.00 185.00 0.00
Screenshot63.jpg -18.0000 -4.5000 34.0000 0.00 185.00 0.00
Screenshot64.jpg -18.0000 -4.5000 34.0000 330.00 190.00 0.00
Screenshot65.jpg -18.0000 -4.5000 34.0000 335.00 190.00 0.00
Screenshot66.jpg -18.0000 -4.5000 34.0000 340.00 190.00 0.00
Screenshot67.jpg -18.0000 -4.5000 34.0000 345.00 190.00 0.00
Screenshot68.jpg -18.0000 -4.5000 34.0000 350.00 190.00 0.00
Screenshot69.jpg -18.0000 -4.5000 34.0000 355.00 190.00 0.00
Screenshot70.jpg -18.0000 -4.5000 34.0000 0.00 190.00 0.00
Screenshot71.jpg -18.0000 -4.5000 34.0000 330.00 195.00 0.00
Screenshot72.jpg -18.0000 -4.5000 34.0000 335.00 195.00 0.00
Screenshot73.jpg -18.0000 -4.5000 34.0000 340.00 195.00 0.00
Screenshot74.jpg -18.0000 -4.5000 34.0000 345.00 195.00 0.00
Screenshot75.jpg -18.0000 -4.5000 34.0000 350.00 195.00 0.00
Screenshot76.jpg -18.0000 -4.5000 34.0000 355.00 195.00 0.00
Screenshot77.jpg -18.0000 -4.5000 34.0000 0.00 195.00 0.00
Screenshot78.jpg -18.0000 -4.5000 34.0000 330.00 200.00 0.00
Screenshot79.jpg -18.0000 -4.5000 34.0000 335.00 200.00 0.00
Screenshot80.jpg -18.0000 -4.5000 34.0000 340.00 200.00 0.00
Screenshot81.jpg -18.0000 -4.5000 34.0000 345.00 200.00 0.00
Screenshot82.jpg -18.0000 -4.5000 34.0000 350.00 200.00 0.00
Screenshot83.jpg -18.0000 -4.5000 34.0000 355.00 200.00 0.00
Screenshot84.jpg -18.0000 -4.5000 34.0000 0.00 200.00 0.00
Screenshot85.jpg -18.0000 -4.5000 34.0000 330.00 205.00 0.00
Screenshot86.jpg -18.0000 -4.5000 34.0000 335.00 205.00 0.00
Screenshot87.jpg -18.0000 -4.5000 34.0000 340.00 205.00 0.00
Screenshot88.jpg -18.0000 -4.5000 34.0000 345.00 205.00 0.00
Screenshot89.jpg -18.0000 -4.5000 34.0000 350.00 205.00 0.00
Screenshot90.jpg -18.0000 -4.5000 34.0000 355.00 205.00 0.00
Screenshot91.jpg -18.0000 -4.5000 34.0000 0.00 205.00 0.00
Screenshot92.jpg -18.0000 -4.5000 34.0000 330.00 210.00 0.00
Screenshot93.jpg -18.0000 -4.5000 34.0000 335.00 210.00 0.00
Screenshot94.jpg -18.0000 -4.5000 34.0000 340.00 210.00 0.00
Screenshot95.jpg -18.0000 -4.5000 34.0000 345.00 210.00 0.00
Screenshot96.jpg -18.0000 -4.5000 34.0000 350.00 210.00 0.00
Screenshot97.jpg -18.0000 -4.5000 34.0000 355.00 210.00 0.00
Screenshot98.jpg -18.0000 -4.5000 34.0000 0.00 210.00 0.00
Screenshot99.jpg -18.0000 -4.5000 34.0000 330.00 215.00 0.00
Screenshot100.jpg -18.0000 -4.5000 34.0000 335.00 215.00 0.00
Screenshot101.jpg -18.0000 -4.5000 34.0000 340.00 215.00 0.00
Screenshot102.jpg -18.0000 -4.5000 34.0000 345.00 215.00 0.00
Screenshot103.jpg -18.0000 -4.5000 34.0000 350.00 215.00 0.00
Screenshot104.jpg -18.0000 -4.5000 34.0000 355.00 215.00 0.00
Screenshot105.jpg -18.0000 -4.5000 34.0000 0.00 215.00 0.00
Screenshot106.jpg -18.0000 -4.5000 34.0000 330.00 220.00 0.00
Screenshot107.jpg -18.0000 -4.5000 34.0000 335.00 220.00 0.00
Screenshot108.jpg -18.0000 -4.5000 34.0000 340.00 220.00 0.00
Screenshot109.jpg -18.0000 -4.5000 34.0000 345.00 220.00 0.00
Screenshot110.jpg -18.0000 -4.5000 34.0000 350.00 220.00 0.00
Screenshot111.jpg -18.0000 -4.5000 34.0000 355.00 220.00 0.00
Screenshot112.jpg -18.0000 -4.5000 34.0000 0.00 220.00 0.00
Screenshot113.jpg -18.0000 -4.5000 34.0000 330.00 225.00 0.00
Screenshot114.jpg -18.0000 -4.5000 34.0000 335.00 225.00 0.00
Screenshot115.jpg -18.0000 -4.5000 34.0000 340.00 225.00 0.00
Screenshot116.jpg -18.0000 -4.5000 34.0000 345.00 225.00 0.00
Screenshot117.jpg -18.0000 -4.5000 34.0000 350.00 225.00 0.00
Screenshot118.jpg -18.0000 -4.5000 34.0000 355.00 225.00 0.00
Screenshot119.jpg -18.0000 -4.5000 34.0000 0.00 225.00 0.00
Screenshot120.jpg -18.0000 -4.5000 34.0000 330.00 230.00 0.00
Screenshot121.jpg -18.0000 -4.5000 34.0000 335.00 230.00 0.00
Screenshot122.jpg -18.0000 -4.5000 34.0000 340.00 230.00 0.00
Screenshot123.jpg -18.0000 -4.5000 34.0000 345.00 230.00 0.00
Screenshot124.jpg -18.0000 -4.5000 34.0000 350.00 230.00 0.00
Screenshot125.jpg -18.0000 -4.5000 34.0000 355.00 230.00 0.00
Screenshot126.jpg -18.0000 -4.5000 34.0000 0.00 230.00 0.00
Screenshot127.jpg -18.0000 -4.5000 34.0000 330.00 235.00 0.00
Screenshot128.jpg -18.0000 -4.5000 34.0000 335.00 235.00 0.00
Screenshot129.jpg -18.0000 -4.5000 34.0000 340.00 235.00 0.00
Screenshot130.jpg -18.0000 -4.5000 34.0000 345.00 235.00 0.00
Screenshot131.jpg -18.0000 -4.5000 34.0000 350.00 235.00 0.00
Screenshot132.jpg -18.0000 -4.5000 34.0000 355.00 235.00 0.00
Screenshot133.jpg -18.0000 -4.5000 34.0000 0.00 235.00 0.00
Screenshot134.jpg -17.6000 -4.5000 34.0000 330.00 145.00 0.00
Screenshot135.jpg -17.6000 -4.5000 34.0000 335.00 145.00 0.00
Screenshot136.jpg -17.6000 -4.5000 34.0000 340.00 145.00 0.00
Screenshot137.jpg -17.6000 -4.5000 34.0000 345.00 145.00 0.00
Screenshot138.jpg -17.6000 -4.5000 34.0000 350.00 145.00 0.00
Screenshot139.jpg -17.6000 -4.5000 34.0000 355.00 145.00 0.00
Screenshot140.jpg -17.6000 -4.5000 34.0000 0.00 145.00 0.00
Screenshot141.jpg -17.6000 -4.5000 34.0000 330.00 150.00 0.00
Screenshot142.jpg -17.6000 -4.5000 34.0000 335.00 150.00 0.00
Screenshot143.jpg -17.6000 -4.5000 34.0000 340.00 150.00 0.00
Screenshot144.jpg -17.6000 -4.5000 34.0000 345.00 150.00 0.00
Screenshot145.jpg -17.6000 -4.5000 34.0000 350.00 150.00 0.00
Screenshot146.jpg -17.6000 -4.5000 34.0000 355.00 150.00 0.00
Screenshot147.jpg -17.6000 -4.5000 34.0000 0.00 150.00 0.00
Screenshot148.jpg -17.6000 -4.5000 34.0000 330.00 155.00 0.00
Screenshot149.jpg -17.6000 -4.5000 34.0000 335.00 155.00 0.00
Screenshot150.jpg -17.6000 -4.5000 34.0000 340.00 155.00 0.00
Screenshot151.jpg -17.6000 -4.5000 34.0000 345.00 155.00 0.00
Screenshot152.jpg -17.6000 -4.5000 34.0000 350.00 155.00 0.00
Screenshot153.jpg -17.6000 -4.5000 34.0000 355.00 155.00 0.00
Screenshot154.jpg -17.6000 -4.5000 34.0000 0.00 155.00 0.00
Screenshot155.jpg -17.6000 -4.5000 34.0000 330.00 160.00 0.00
Screenshot156.jpg -17.6000 -4.5000 34.0000 335.00 160.00 0.00
Screenshot157.jpg -17.6000 -4.5000 34.0000 340.00 160.00 0.00
Screenshot158.jpg -17.6000 -4.5000 34.0000 345.00 160.00 0.00
Screenshot159.jpg -17.6000 -4.5000 34.0000 350.00 160.00 0.00
Screenshot160.jpg -17.6000 -4.5000 34.0000 355.00 160.00 0.00
Screenshot161.jpg -17.6000 -4.5000 34.0000 0.00 160.00 0.00
Screenshot162.jpg -17.6000 -4.5000 34.0000 330.00 165.00 0.00
Screenshot163.jpg -17.6000 -4.5000 34.0000 335.00 165.00 0.00
Screenshot164.jpg -17.6000 -4.5000 34.0000 340.00 165.00 0.00
Screenshot165.jpg -17.6000 -4.5000 34.0000 345.00 165.00 0.00
Screenshot166.jpg -17.6000 -4.5000 34.0000 350.00 165.00 0.00
Screenshot167.jpg -17.6000 -4.5000 34.0000 355.00 165.00 0.00
Screenshot168.jpg -17.6000 -4.5000 34.0000 0.00 165.00 0.00
Screenshot169.jpg -17.6000 -4.5000 34.0000 330.00 170.00 0.00
Screenshot170.jpg -17.6000 -4.5000 34.0000 335.00 170.00 0.00
Screenshot171.jpg -17.6000 -4.5000 34.0000 340.00 170.00 0.00
Screenshot172.jpg -17.6000 -4.5000 34.0000 345.00 170.00 0.00
Screenshot173.jpg -17.6000 -4.5000 34.0000 350.00 170.00 0.00
Screenshot174.jpg -17.6000 -4.5000 34.0000 355.00 170.00 0.00
Screenshot175.jpg -17.6000 -4.5000 34.0000 0.00 170.00 0.00
Screenshot176.jpg -17.6000 -4.5000 34.0000 330.00 175.00 0.00
Screenshot177.jpg -17.6000 -4.5000 34.0000 335.00 175.00 0.00
Screenshot178.jpg -17.6000 -4.5000 34.0000 340.00 175.00 0.00
Screenshot179.jpg -17.6000 -4.5000 34.0000 345.00 175.00 0.00
Screenshot180.jpg -17.6000 -4.5000 34.0000 350.00 175.00 0.00
Screenshot181.jpg -17.6000 -4.5000 34.0000 355.00 175.00 0.00
Screenshot182.jpg -17.6000 -4.5000 34.0000 0.00 175.00 0.00
Screenshot183.jpg -17.6000 -4.5000 34.0000 330.00 180.00 0.00
Screenshot184.jpg -17.6000 -4.5000 34.0000 335.00 180.00 0.00
Screenshot185.jpg -17.6000 -4.5000 34.0000 340.00 180.00 0.00
Screenshot186.jpg -17.6000 -4.5000 34.0000 345.00 180.00 0.00
Screenshot187.jpg -17.6000 -4.5000 34.0000 350.00 180.00 0.00
Screenshot188.jpg -17.6000 -4.5000 34.0000 355.00 180.00 0.00
Screenshot189.jpg -17.6000 -4.5000 34.0000 0.00 180.00 0.00
Screenshot190.jpg -17.6000 -4.5000 34.0000 330.00 185.00 0.00
Screenshot191.jpg -17.6000 -4.5000 34.0000 335.00 185.00 0.00
Screenshot192.jpg -17.6000 -4.5000 34.0000 340.00 185.00 0.00
Screenshot193.jpg -17.6000 -4.5000 34.0000 345.00 185.00 0.00
Screenshot194.jpg -17.6000 -4.5000 34.0000 350.00 185.00 0.00
Screenshot195.jpg -17.6000 -4.5000 34.0000 355.00 185.00 0.00
Screenshot196.jpg -17.6000 -4.5000 34.0000 0.00 185.00 0.00
Screenshot197.jpg -17.6000 -4.5000 34.0000 330.00 190.00 0.00
Screenshot198.jpg -17.6000 -4.5000 34.0000 335.00 190.00 0.00
Screenshot199.jpg -17.6000 -4.5000 34.0000 340.00 190.00 0.00
Screenshot200.jpg -17.6000 -4.5000 34.0000 345.00 190.00 0.00
Screenshot201.jpg -17.6000 -4.5000 34.0000 350.00 190.00 0.00
Screenshot202.jpg -17.6000 -4.5000 34.0000 355.00 190.00 0.00
Screenshot203.jpg -17.6000 -4.5000 34.0000 0.00 190.00 0.00
Screenshot204.jpg -17.6000 -4.5000 34.0000 330.00 195.00 0.00
Screenshot205.jpg -17.6000 -4.5000 34.0000 335.00 195.00 0.00
Screenshot206.jpg -17.6000 -4.5000 34.0000 340.00 195.00 0.00
Screenshot207.jpg -17.6000 -4.5000 34.0000 345.00 195.00 0.00
Screenshot208.jpg -17.6000 -4.5000 34.0000 350.00 195.00 0.00
Screenshot209.jpg -17.6000 -4.5000 34.0000 355.00 195.00 0.00
Screenshot210.jpg -17.6000 -4.5000 34.0000 0.00 195.00 0.00
Screenshot211.jpg -17.6000 -4.5000 34.0000 330.00 200.00 0.00
Screenshot212.jpg -17.6000 -4.5000 34.0000 335.00 200.00 0.00
Screenshot213.jpg -17.6000 -4.5000 34.0000 340.00 200.00 0.00
Screenshot214.jpg -17.6000 -4.5000 34.0000 345.00 200.00 0.00
Screenshot215.jpg -17.6000 -4.5000 34.0000 350.00 200.00 0.00
Screenshot216.jpg -17.6000 -4.5000 34.0000 355.00 200.00 0.00
Screenshot217.jpg -17.6000 -4.5000 34.0000 0.00 200.00 0.00
Screenshot218.jpg -17.6000 -4.5000 34.0000 330.00 205.00 0.00
Screenshot219.jpg -17.6000 -4.5000 34.0000 335.00 205.00 0.00
Screenshot220.jpg -17.6000 -4.5000 34.0000 340.00 205.00 0.00
Screenshot221.jpg -17.6000 -4.5000 34.0000 345.00 205.00 0.00
Screenshot222.jpg -17.6000 -4.5000 34.0000 350.00 205.00 0.00
Screenshot223.jpg -17.6000 -4.5000 34.0000 355.00 205.00 0.00
Screenshot224.jpg -17.6000 -4.5000 34.0000 0.00 205.00 0.00
Screenshot225.jpg -17.6000 -4.5000 34.0000 330.00 210.00 0.00
Screenshot226.jpg -17.6000 -4.5000 34.0000 335.00 210.00 0.00
Screenshot227.jpg -17.6000 -4.5000 34.0000 340.00 210.00 0.00
Screenshot228.jpg -17.6000 -4.5000 34.0000 345.00 210.00 0.00
Screenshot229.jpg -17.6000 -4.5000 34.0000 350.00 210.00 0.00
Screenshot230.jpg -17.6000 -4.5000 34.0000 355.00 210.00 0.00
Screenshot231.jpg -17.6000 -4.5000 34.0000 0.00 210.00 0.00
Screenshot232.jpg -17.6000 -4.5000 34.0000 330.00 215.00 0.00
Screenshot233.jpg -17.6000 -4.5000 34.0000 335.00 215.00 0.00
Screenshot234.jpg -17.6000 -4.5000 34.0000 340.00 215.00 0.00
Screenshot235.jpg -17.6000 -4.5000 34.0000 345.00 215.00 0.00
Screenshot236.jpg -17.6000 -4.5000 34.0000 350.00 215.00 0.00
Screenshot237.jpg -17.6000 -4.5000 34.0000 355.00 215.00 0.00
Screenshot238.jpg -17.6000 -4.5000 34.0000 0.00 215.00 0.00
Screenshot239.jpg -17.6000 -4.5000 34.0000 330.00 220.00 0.00
Screenshot240.jpg -17.6000 -4.5000 34.0000 335.00 220.00 0.00
Screenshot241.jpg -17.6000 -4.5000 34.0000 340.00 220.00 0.00
Screenshot242.jpg -17.6000 -4.5000 34.0000 345.00 220.00 0.00
Screenshot243.jpg -17.6000 -4.5000 34.0000 350.00 220.00 0.00
Screenshot244.jpg -17.6000 -4.5000 34.0000 355.00 220.00 0.00
Screenshot245.jpg -17.6000 -4.5000 34.0000 0.00 220.00 0.00
Screenshot246.jpg -17.6000 -4.5000 34.0000 330.00 225.00 0.00
Screenshot247.jpg -17.6000 -4.5000 34.0000 335.00 225.00 0.00
Screenshot248.jpg -17.6000 -4.5000 34.0000 340.00 225.00 0.00
Screenshot249.jpg -17.6000 -4.5000 34.0000 345.00 225.00 0.00
Screenshot250.jpg -17.6000 -4.5000 34.0000 350.00 225.00 0.00
Screenshot251.jpg -17.6000 -4.5000 34.0000 355.00 225.00 0.00
Screenshot252.jpg -17.6000 -4.5000 34.0000 0.00 225.00 0.00
Screenshot253.jpg -17.6000 -4.5000 34.0000 330.00 230.00 0.00
Screenshot254.jpg -17.6000 -4.5000 34.0000 335.00 230.00 0.00
Screenshot255.jpg -17.6000 -4.5000 34.0000 340.00 230.00 0.00
Screenshot256.jpg -17.6000 -4.5000 34.0000 345.00 230.00 0.00
Screenshot257.jpg -17.6000 -4.5000 34.0000 350.00 230.00 0.00
Screenshot258.jpg -17.6000 -4.5000 34.0000 355.00 230.00 0.00
Screenshot259.jpg -17.6000 -4.5000 34.0000 0.00 230.00 0.00
Screenshot260.jpg -17.6000 -4.5000 34.0000 330.00 235.00 0.00
Screenshot261.jpg -17.6000 -4.5000 34.0000 335.00 235.00 0.00
Screenshot262.jpg -17.6000 -4.5000 34.0000 340.00 235.00 0.00
Screenshot263.jpg -17.6000 -4.5000 34.0000 345.00 235.00 0.00
Screenshot264.jpg -17.6000 -4.5000 34.0000 350.00 235.00 0.00
Screenshot265.jpg -17.6000 -4.5000 34.0000 355.00 235.00 0.00
Screenshot266.jpg -17.6000 -4.5000 34.0000 0.00 235.00 0.00
Screenshot267.jpg -17.2000 -4.5000 34.0000 330.00 145.00 0.00
Screenshot268.jpg -17.2000 -4.5000 34.0000 335.00 145.00 0.00
Screenshot269.jpg -17.2000 -4.5000 34.0000 340.00 145.00 0.00
Screenshot270.jpg -17.2000 -4.5000 34.0000 345.00 145.00 0.00
Screenshot271.jpg -17.2000 -4.5000 34.0000 350.00 145.00 0.00
Screenshot272.jpg -17.2000 -4.5000 34.0000 355.00 145.00 0.00
Screenshot273.jpg -17.2000 -4.5000 34.0000 0.00 145.00 0.00
Screenshot274.jpg -17.2000 -4.5000 34.0000 330.00 150.00 0.00
Screenshot275.jpg -17.2000 -4.5000 34.0000 335.00 150.00 0.00
Screenshot276.jpg -17.2000 -4.5000 34.0000 340.00 150.00 0.00
Screenshot277.jpg -17.2000 -4.5000 34.0000 345.00 150.00 0.00
Screenshot278.jpg -17.2000 -4.5000 34.0000 350.00 150.00 0.00
Screenshot279.jpg -17.2000 -4.5000 34.0000 355.00 150.00 0.00
Screenshot280.jpg -17.2000 -4.5000 34.0000 0.00 150.00 0.00
Screenshot281.jpg -17.2000 -4.5000 34.0000 330.00 155.00 0.00
Screenshot282.jpg -17.2000 -4.5000 34.0000 335.00 155.00 0.00
Screenshot283.jpg -17.2000 -4.5000 34.0000 340.00 155.00 0.00
Screenshot284.jpg -17.2000 -4.5000 34.0000 345.00 155.00 0.00
Screenshot285.jpg -17.2000 -4.5000 34.0000 350.00 155.00 0.00
Screenshot286.jpg -17.2000 -4.5000 34.0000 355.00 155.00 0.00
Screenshot287.jpg -17.2000 -4.5000 34.0000 0.00 155.00 0.00
Screenshot288.jpg -17.2000 -4.5000 34.0000 330.00 160.00 0.00
Screenshot289.jpg -17.2000 -4.5000 34.0000 335.00 160.00 0.00
Screenshot290.jpg -17.2000 -4.5000 34.0000 340.00 160.00 0.00
Screenshot291.jpg -17.2000 -4.5000 34.0000 345.00 160.00 0.00
Screenshot292.jpg -17.2000 -4.5000 34.0000 350.00 160.00 0.00
Screenshot293.jpg -17.2000 -4.5000 34.0000 355.00 160.00 0.00
Screenshot294.jpg -17.2000 -4.5000 34.0000 0.00 160.00 0.00
Screenshot295.jpg -17.2000 -4.5000 34.0000 330.00 165.00 0.00
Screenshot296.jpg -17.2000 -4.5000 34.0000 335.00 165.00 0.00
Screenshot297.jpg -17.2000 -4.5000 34.0000 340.00 165.00 0.00
Screenshot298.jpg -17.2000 -4.5000 34.0000 345.00 165.00 0.00
Screenshot299.jpg -17.2000 -4.5000 34.0000 350.00 165.00 0.00
Screenshot300.jpg -17.2000 -4.5000 34.0000 355.00 165.00 0.00
Screenshot301.jpg -17.2000 -4.5000 34.0000 0.00 165.00 0.00
Screenshot302.jpg -17.2000 -4.5000 34.0000 330.00 170.00 0.00
Screenshot303.jpg -17.2000 -4.5000 34.0000 335.00 170.00 0.00
Screenshot304.jpg -17.2000 -4.5000 34.0000 340.00 170.00 0.00
Screenshot305.jpg -17.2000 -4.5000 34.0000 345.00 170.00 0.00
Screenshot306.jpg -17.2000 -4.5000 34.0000 350.00 170.00 0.00
Screenshot307.jpg -17.2000 -4.5000 34.0000 355.00 170.00 0.00
Screenshot308.jpg -17.2000 -4.5000 34.0000 0.00 170.00 0.00
Screenshot309.jpg -17.2000 -4.5000 34.0000 330.00 175.00 0.00
Screenshot310.jpg -17.2000 -4.5000 34.0000 335.00 175.00 0.00
Screenshot311.jpg -17.2000 -4.5000 34.0000 340.00 175.00 0.00
Screenshot312.jpg -17.2000 -4.5000 34.0000 345.00 175.00 0.00
Screenshot313.jpg -17.2000 -4.5000 34.0000 350.00 175.00 0.00
Screenshot314.jpg -17.2000 -4.5000 34.0000 355.00 175.00 0.00
Screenshot315.jpg -17.2000 -4.5000 34.0000 0.00 175.00 0.00
Screenshot316.jpg -17.2000 -4.5000 34.0000 330.00 180.00 0.00
Screenshot317.jpg -17.2000 -4.5000 34.0000 335.00 180.00 0.00
Screenshot318.jpg -17.2000 -4.5000 34.0000 340.00 180.00 0.00
Screenshot319.jpg -17.2000 -4.5000 34.0000 345.00 180.00 0.00
Screenshot320.jpg -17.2000 -4.5000 34.0000 350.00 180.00 0.00
Screenshot321.jpg -17.2000 -4.5000 34.0000 355.00 180.00 0.00
Screenshot322.jpg -17.2000 -4.5000 34.0000 0.00 180.00 0.00
Screenshot323.jpg -17.2000 -4.5000 34.0000 330.00 185.00 0.00
Screenshot324.jpg -17.2000 -4.5000 34.0000 335.00 185.00 0.00
Screenshot325.jpg -17.2000 -4.5000 34.0000 340.00 185.00 0.00
Screenshot326.jpg -17.2000 -4.5000 34.0000 345.00 185.00 0.00
Screenshot327.jpg -17.2000 -4.5000 34.0000 350.00 185.00 0.00
Screenshot328.jpg -17.2000 -4.5000 34.0000 355.00 185.00 0.00
Screenshot329.jpg -17.2000 -4.5000 34.0000 0.00 185.00 0.00
Screenshot330.jpg -17.2000 -4.5000 34.0000 330.00 190.00 0.00
Screenshot331.jpg -17.2000 -4.5000 34.0000 335.00 190.00 0.00
Screenshot332.jpg -17.2000 -4.5000 34.0000 340.00 190.00 0.00
Screenshot333.jpg -17.2000 -4.5000 34.0000 345.00 190.00 0.00
Screenshot334.jpg -17.2000 -4.5000 34.0000 350.00 190.00 0.00
Screenshot335.jpg -17.2000 -4.5000 34.0000 355.00 190.00 0.00
Screenshot336.jpg -17.2000 -4.5000 34.0000 0.00 190.00 0.00
Screenshot337.jpg -17.2000 -4.5000 34.0000 330.00 195.00 0.00
Screenshot338.jpg -17.2000 -4.5000 34.0000 335.00 195.00 0.00
Screenshot339.jpg -17.2000 -4.5000 34.0000 340.00 195.00 0.00
Screenshot340.jpg -17.2000 -4.5000 34.0000 345.00 195.00 0.00
Screenshot341.jpg -17.2000 -4.5000 34.0000 350.00 195.00 0.00
Screenshot342.jpg -17.2000 -4.5000 34.0000 355.00 195.00 0.00
Screenshot343.jpg -17.2000 -4.5000 34.0000 0.00 195.00 0.00
Screenshot344.jpg -17.2000 -4.5000 34.0000 330.00 200.00 0.00
Screenshot345.jpg -17.2000 -4.5000 34.0000 335.00 200.00 0.00
Screenshot346.jpg -17.2000 -4.5000 34.0000 340.00 200.00 0.00
Screenshot347.jpg -17.2000 -4.5000 34.0000 345.00 200.00 0.00
Screenshot348.jpg -17.2000 -4.5000 34.0000 350.00 200.00 0.00
Screenshot349.jpg -17.2000 -4.5000 34.0000 355.00 200.00 0.00
Screenshot350.jpg -17.2000 -4.5000 34.0000 0.00 200.00 0.00
Screenshot351.jpg -17.2000 -4.5000 34.0000 330.00 205.00 0.00
Screenshot352.jpg -17.2000 -4.5000 34.0000 335.00 205.00 0.00
Screenshot353.jpg -17.2000 -4.5000 34.0000 340.00 205.00 0.00
Screenshot354.jpg -17.2000 -4.5000 34.0000 345.00 205.00 0.00
Screenshot355.jpg -17.2000 -4.5000 34.0000 350.00 205.00 0.00
Screenshot356.jpg -17.2000 -4.5000 34.0000 355.00 205.00 0.00
Screenshot357.jpg -17.2000 -4.5000 34.0000 0.00 205.00 0.00
Screenshot358.jpg -17.2000 -4.5000 34.0000 330.00 210.00 0.00
Screenshot359.jpg -17.2000 -4.5000 34.0000 335.00 210.00 0.00
Screenshot360.jpg -17.2000 -4.5000 34.0000 340.00 210.00 0.00
Screenshot361.jpg -17.2000 -4.5000 34.0000 345.00 210.00 0.00
Screenshot362.jpg -17.2000 -4.5000 34.0000 350.00 210.00 0.00
Screenshot363.jpg -17.2000 -4.5000 34.0000 355.00 210.00 0.00
Screenshot364.jpg -17.2000 -4.5000 34.0000 0.00 210.00 0.00
Screenshot365.jpg -17.2000 -4.5000 34.0000 330.00 215.00 0.00
Screenshot366.jpg -17.2000 -4.5000 34.0000 335.00 215.00 0.00
Screenshot367.jpg -17.2000 -4.5000 34.0000 340.00 215.00 0.00
Screenshot368.jpg -17.2000 -4.5000 34.0000 345.00 215.00 0.00
Screenshot369.jpg -17.2000 -4.5000 34.0000 350.00 215.00 0.00
Screenshot370.jpg -17.2000 -4.5000 34.0000 355.00 215.00 0.00
Screenshot371.jpg -17.2000 -4.5000 34.0000 0.00 215.00 0.00
Screenshot372.jpg -17.2000 -4.5000 34.0000 330.00 220.00 0.00
Screenshot373.jpg -17.2000 -4.5000 34.0000 335.00 220.00 0.00
Screenshot374.jpg -17.2000 -4.5000 34.0000 340.00 220.00 0.00
Screenshot375.jpg -17.2000 -4.5000 34.0000 345.00 220.00 0.00
Screenshot376.jpg -17.2000 -4.5000 34.0000 350.00 220.00 0.00
Screenshot377.jpg -17.2000 -4.5000 34.0000 355.00 220.00 0.00
Screenshot378.jpg -17.2000 -4.5000 34.0000 0.00 220.00 0.00
Screenshot379.jpg -17.2000 -4.5000 34.0000 330.00 225.00 0.00
Screenshot380.jpg -17.2000 -4.5000 34.0000 335.00 225.00 0.00
Screenshot381.jpg -17.2000 -4.5000 34.0000 340.00 225.00 0.00
Screenshot382.jpg -17.2000 -4.5000 34.0000 345.00 225.00 0.00
Screenshot383.jpg -17.2000 -4.5000 34.0000 350.00 225.00 0.00
Screenshot384.jpg -17.2000 -4.5000 34.0000 355.00 225.00 0.00
Screenshot385.jpg -17.2000 -4.5000 34.0000 0.00 225.00 0.00
Screenshot386.jpg -17.2000 -4.5000 34.0000 330.00 230.00 0.00
Screenshot387.jpg -17.2000 -4.5000 34.0000 335.00 230.00 0.00
Screenshot388.jpg -17.2000 -4.5000 34.0000 340.00 230.00 0.00
Screenshot389.jpg -17.2000 -4.5000 34.0000 345.00 230.00 0.00
Screenshot390.jpg -17.2000 -4.5000 34.0000 350.00 230.00 0.00
Screenshot391.jpg -17.2000 -4.5000 34.0000 355.00 230.00 0.00
Screenshot392.jpg -17.2000 -4.5000 34.0000 0.00 230.00 0.00
Screenshot393.jpg -17.2000 -4.5000 34.0000 330.00 235.00 0.00
Screenshot394.jpg -17.2000 -4.5000 34.0000 335.00 235.00 0.00
Screenshot395.jpg -17.2000 -4.5000 34.0000 340.00 235.00 0.00
Screenshot396.jpg -17.2000 -4.5000 34.0000 345.00 235.00 0.00
Screenshot397.jpg -17.2000 -4.5000 34.0000 350.00 235.00 0.00
Screenshot398.jpg -17.2000 -4.5000 34.0000 355.00 235.00 0.00
Screenshot399.jpg -17.2000 -4.5000 34.0000 0.00 235.00 0.00
Screenshot400.jpg -16.8000 -4.5000 34.0000 330.00 145.00 0.00
Screenshot401.jpg -16.8000 -4.5000 34.0000 335.00 145.00 0.00
Screenshot402.jpg -16.8000 -4.5000 34.0000 340.00 145.00 0.00
Screenshot403.jpg -16.8000 -4.5000 34.0000 345.00 145.00 0.00
Screenshot404.jpg -16.8000 -4.5000 34.0000 350.00 145.00 0.00
Screenshot405.jpg -16.8000 -4.5000 34.0000 355.00 145.00 0.00
Screenshot406.jpg -16.8000 -4.5000 34.0000 0.00 145.00 0.00
Screenshot407.jpg -16.8000 -4.5000 34.0000 330.00 150.00 0.00
Screenshot408.jpg -16.8000 -4.5000 34.0000 335.00 150.00 0.00
Screenshot409.jpg -16.8000 -4.5000 34.0000 340.00 150.00 0.00
Screenshot410.jpg -16.8000 -4.5000 34.0000 345.00 150.00 0.00
Screenshot411.jpg -16.8000 -4.5000 34.0000 350.00 150.00 0.00
Screenshot412.jpg -16.8000 -4.5000 34.0000 355.00 150.00 0.00
Screenshot413.jpg -16.8000 -4.5000 34.0000 0.00 150.00 0.00
Screenshot414.jpg -16.8000 -4.5000 34.0000 330.00 155.00 0.00
Screenshot415.jpg -16.8000 -4.5000 34.0000 335.00 155.00 0.00
Screenshot416.jpg -16.8000 -4.5000 34.0000 340.00 155.00 0.00
Screenshot417.jpg -16.8000 -4.5000 34.0000 345.00 155.00 0.00
Screenshot418.jpg -16.8000 -4.5000 34.0000 350.00 155.00 0.00
Screenshot419.jpg -16.8000 -4.5000 34.0000 355.00 155.00 0.00
Screenshot420.jpg -16.8000 -4.5000 34.0000 0.00 155.00 0.00
Screenshot421.jpg -16.8000 -4.5000 34.0000 330.00 160.00 0.00
Screenshot422.jpg -16.8000 -4.5000 34.0000 335.00 160.00 0.00
Screenshot423.jpg -16.8000 -4.5000 34.0000 340.00 160.00 0.00
Screenshot424.jpg -16.8000 -4.5000 34.0000 345.00 160.00 0.00
Screenshot425.jpg -16.8000 -4.5000 34.0000 350.00 160.00 0.00
Screenshot426.jpg -16.8000 -4.5000 34.0000 355.00 160.00 0.00
Screenshot427.jpg -16.8000 -4.5000 34.0000 0.00 160.00 0.00
Screenshot428.jpg -16.8000 -4.5000 34.0000 330.00 165.00 0.00
Screenshot429.jpg -16.8000 -4.5000 34.0000 335.00 165.00 0.00
Screenshot430.jpg -16.8000 -4.5000 34.0000 340.00 165.00 0.00
Screenshot431.jpg -16.8000 -4.5000 34.0000 345.00 165.00 0.00
Screenshot432.jpg -16.8000 -4.5000 34.0000 350.00 165.00 0.00
Screenshot433.jpg -16.8000 -4.5000 34.0000 355.00 165.00 0.00
Screenshot434.jpg -16.8000 -4.5000 34.0000 0.00 165.00 0.00
Screenshot435.jpg -16.8000 -4.5000 34.0000 330.00 170.00 0.00
Screenshot436.jpg -16.8000 -4.5000 34.0000 335.00 170.00 0.00
Screenshot437.jpg -16.8000 -4.5000 34.0000 340.00 170.00 0.00
Screenshot438.jpg -16.8000 -4.5000 34.0000 345.00 170.00 0.00
Screenshot439.jpg -16.8000 -4.5000 34.0000 350.00 170.00 0.00
Screenshot440.jpg -16.8000 -4.5000 34.0000 355.00 170.00 0.00
Screenshot441.jpg -16.8000 -4.5000 34.0000 0.00 170.00 0.00
Screenshot442.jpg -16.8000 -4.5000 34.0000 330.00 175.00 0.00
Screenshot443.jpg -16.8000 -4.5000 34.0000 335.00 175.00 0.00
Screenshot444.jpg -16.8000 -4.5000 34.0000 340.00 175.00 0.00
Screenshot445.jpg -16.8000 -4.5000 34.0000 345.00 175.00 0.00
Screenshot446.jpg -16.8000 -4.5000 34.0000 350.00 175.00 0.00
Screenshot447.jpg -16.8000 -4.5000 34.0000 355.00 175.00 0.00
Screenshot448.jpg -16.8000 -4.5000 34.0000 0.00 175.00 0.00
Screenshot449.jpg -16.8000 -4.5000 34.0000 330.00 180.00 0.00
Screenshot450.jpg -16.8000 -4.5000 34.0000 335.00 180.00 0.00
Screenshot451.jpg -16.8000 -4.5000 34.0000 340.00 180.00 0.00
Screenshot452.jpg -16.8000 -4.5000 34.0000 345.00 180.00 0.00
Screenshot453.jpg -16.8000 -4.5000 34.0000 350.00 180.00 0.00
Screenshot454.jpg -16.8000 -4.5000 34.0000 355.00 180.00 0.00
Screenshot455.jpg -16.8000 -4.5000 34.0000 0.00 180.00 0.00
Screenshot456.jpg -16.8000 -4.5000 34.0000 330.00 185.00 0.00
Screenshot457.jpg -16.8000 -4.5000 34.0000 335.00 185.00 0.00
Screenshot458.jpg -16.8000 -4.5000 34.0000 340.00 185.00 0.00
Screenshot459.jpg -16.8000 -4.5000 34.0000 345.00 185.00 0.00
Screenshot460.jpg -16.8000 -4.5000 34.0000 350.00 185.00 0.00
Screenshot461.jpg -16.8000 -4.5000 34.0000 355.00 185.00 0.00
Screenshot462.jpg -16.8000 -4.5000 34.0000 0.00 185.00 0.00
Screenshot463.jpg -16.8000 -4.5000 34.0000 330.00 190.00 0.00
Screenshot464.jpg -16.8000 -4.5000 34.0000 335.00 190.00 0.00
Screenshot465.jpg -16.8000 -4.5000 34.0000 340.00 190.00 0.00
Screenshot466.jpg -16.8000 -4.5000 34.0000 345.00 190.00 0.00
Screenshot467.jpg -16.8000 -4.5000 34.0000 350.00 190.00 0.00
Screenshot468.jpg -16.8000 -4.5000 34.0000 355.00 190.00 0.00
Screenshot469.jpg -16.8000 -4.5000 34.0000 0.00 190.00 0.00
Screenshot470.jpg -16.8000 -4.5000 34.0000 330.00 195.00 0.00
Screenshot471.jpg -16.8000 -4.5000 34.0000 335.00 195.00 0.00
Screenshot472.jpg -16.8000 -4.5000 34.0000 340.00 195.00 0.00
Screenshot473.jpg -16.8000 -4.5000 34.0000 345.00 195.00 0.00
Screenshot474.jpg -16.8000 -4.5000 34.0000 350.00 195.00 0.00
Screenshot475.jpg -16.8000 -4.5000 34.0000 355.00 195.00 0.00
Screenshot476.jpg -16.8000 -4.5000 34.0000 0.00 195.00 0.00
Screenshot477.jpg -16.8000 -4.5000 34.0000 330.00 200.00 0.00
Screenshot478.jpg -16.8000 -4.5000 34.0000 335.00 200.00 0.00
Screenshot479.jpg -16.8000 -4.5000 34.0000 340.00 200.00 0.00
Screenshot480.jpg -16.8000 -4.5000 34.0000 345.00 200.00 0.00
Screenshot481.jpg -16.8000 -4.5000 34.0000 350.00 200.00 0.00
Screenshot482.jpg -16.8000 -4.5000 34.0000 355.00 200.00 0.00
Screenshot483.jpg -16.8000 -4.5000 34.0000 0.00 200.00 0.00
Screenshot484.jpg -16.8000 -4.5000 34.0000 330.00 205.00 0.00
Screenshot485.jpg -16.8000 -4.5000 34.0000 335.00 205.00 0.00
Screenshot486.jpg -16.8000 -4.5000 34.0000 340.00 205.00 0.00
Screenshot487.jpg -16.8000 -4.5000 34.0000 345.00 205.00 0.00
Screenshot488.jpg -16.8000 -4.5000 34.0000 350.00 205.00 0.00
Screenshot489.jpg -16.8000 -4.5000 34.0000 355.00 205.00 0.00
Screenshot490.jpg -16.8000 -4.5000 34.0000 0.00 205.00 0.00
Screenshot491.jpg -16.8000 -4.5000 34.0000 330.00 210.00 0.00
Screenshot492.jpg -16.8000 -4.5000 34.0000 335.00 210.00 0.00
Screenshot493.jpg -16.8000 -4.5000 34.0000 340.00 210.00 0.00
Screenshot494.jpg -16.8000 -4.5000 34.0000 345.00 210.00 0.00
Screenshot495.jpg -16.8000 -4.5000 34.0000 350.00 210.00 0.00
Screenshot496.jpg -16.8000 -4.5000 34.0000 355.00 210.00 0.00
Screenshot497.jpg -16.8000 -4.5000 34.0000 0.00 210.00 0.00
Screenshot498.jpg -16.8000 -4.5000 34.0000 330.00 215.00 0.00
Screenshot499.jpg -16.8000 -4.5000 34.0000 335.00 215.00 0.00
Screenshot500.jpg -16.8000 -4.5000 34.0000 340.00 215.00 0.00
Screenshot501.jpg -16.8000 -4.5000 34.0000 345.00 215.00 0.00
Screenshot502.jpg -16.8000 -4.5000 34.0000 350.00 215.00 0.00
Screenshot503.jpg -16.8000 -4.5000 34.0000 355.00 215.00 0.00
Screenshot504.jpg -16.8000 -4.5000 34.0000 0.00 215.00 0.00
Screenshot505.jpg -16.8000 -4.5000 34.0000 330.00 220.00 0.00
Screenshot506.jpg -16.8000 -4.5000 34.0000 335.00 220.00 0.00
Screenshot507.jpg -16.8000 -4.5000 34.0000 340.00 220.00 0.00
Screenshot508.jpg -16.8000 -4.5000 34.0000 345.00 220.00 0.00